v -0.341944 0 0.502222
v -0.342676 0 0.499212
v -0.343407 0 0.496198
v -0.344137 0 0.49318
v -0.344865 0 0.490157
v -0.345591 0 0.48713
v -0.346316 0 0.484098
v -0.347039 0 0.481061
v -0.34776 0 0.47802
v -0.348478 0 0.474973
v -0.349193 0 0.471922
v -0.349906 0 0.468866
v -0.350616 0 0.465804
v -0.351323 0 0.462737
v -0.352026 0 0.459664
v -0.352726 0 0.456586
v -0.353423 0 0.453502
v -0.354115 0 0.450413
v -0.354803 0 0.447317
v -0.355487 0 0.444216
v -0.356167 0 0.441108
v -0.356841 0 0.437995
v -0.357511 0 0.434875
v -0.358176 0 0.431748
v -0.358836 0 0.428616
v -0.35949 0 0.425476
v -0.360139 0 0.42233
v -0.360782 0 0.419177
v -0.361419 0 0.416017
v -0.362049 0 0.41285
v -0.362674 0 0.409676
v -0.363291 0 0.406495
v -0.363902 0 0.403306
v -0.364506 0 0.40011
v -0.365103 0 0.396906
v -0.365692 0 0.393695
v -0.366275 0 0.390476
v -0.366849 0 0.387249
v -0.367415 0 0.384014
v -0.367973 0 0.380771
v -0.368523 0 0.377519
v -0.369065 0 0.37426
v -0.369598 0 0.370992
v -0.370122 0 0.367715
v -0.370637 0 0.36443
v -0.371142 0 0.361136
v -0.371639 0 0.357834
v -0.372125 0 0.354522
v -0.372602 0 0.351202
v -0.373069 0 0.347872
v -0.373526 0 0.344533
v -0.373972 0 0.341185
v -0.374408 0 0.337827
v -0.374833 0 0.33446
v -0.375246 0 0.331083
v -0.375649 0 0.327696
v -0.376041 0 0.324299
v -0.376421 0 0.320893
v -0.376789 0 0.317476
v -0.377145 0 0.314049
v -0.37749 0 0.310612
v -0.377821 0 0.307164
v -0.378141 0 0.303706
v -0.378448 0 0.300238
v -0.378742 0 0.296758
v -0.379023 0 0.293268
v -0.37929 0 0.289767
v -0.379544 0 0.286255
v -0.379785 0 0.282731
v -0.380012 0 0.279197
v -0.380224 0 0.275651
v -0.380423 0 0.272093
v -0.380607 0 0.268524
v -0.380777 0 0.264944
v -0.380931 0 0.261351
v -0.381071 0 0.257747
v -0.381196 0 0.254131
v -0.381305 0 0.250502
v -0.381399 0 0.246862
v -0.381477 0 0.243209
v -0.38154 0 0.239544
v -0.381586 0 0.235866
v -0.381615 0 0.232176
v -0.381629 0 0.228473
v -0.381625 0 0.224757
v -0.381605 0 0.221028
v -0.381568 0 0.217286
v -0.381513 0 0.213531
v -0.381441 0 0.209763
v -0.381352 0 0.205981
v -0.381244 0 0.202186
v -0.381119 0 0.198377
v -0.380975 0 0.194555
v -0.380813 0 0.190719
v -0.380633 0 0.186869
v -0.380433 0 0.183005
v -0.380215 0 0.179127
v -0.379978 0 0.175235
v -0.379721 0 0.171328
v -0.379444 0 0.167407
v -0.379444 0 0.167407
v -0.379148 0 0.163472
v -0.378833 0 0.159523
v -0.378497 0 0.155561
v -0.378142 0 0.151587
v -0.377766 0 0.147601
v -0.377371 0 0.143605
v -0.376956 0 0.139599
v -0.376521 0 0.135583
v -0.376066 0 0.13156
v -0.375592 0 0.127528
v -0.375097 0 0.12349
v -0.374582 0 0.119446
v -0.374047 0 0.115397
v -0.373492 0 0.111343
v -0.372917 0 0.107285
v -0.372322 0 0.103225
v -0.371706 0 0.0991618
v -0.371071 0 0.0950975
v -0.370415 0 0.0910326
v -0.369739 0 0.0869678
v -0.369042 0 0.0829039
v -0.368326 0 0.0788416
v -0.367589 0 0.0747818
v -0.366831 0 0.0707251
v -0.366054 0 0.0666724
v -0.365256 0 0.0626245
v -0.364437 0 0.058582
v -0.363598 0 0.0545458
v -0.362738 0 0.0505166
v -0.361858 0 0.0464952
v -0.360958 0 0.0424824
v -0.360036 0 0.0384789
v -0.359095 0 0.0344856
v -0.358132 0 0.0305032
v -0.357149 0 0.0265324
v -0.356145 0 0.022574
v -0.355121 0 0.0186288
v -0.354076 0 0.0146975
v -0.35301 0 0.010781
v -0.351923 0 0.00688002
v -0.350815 0 0.00299531
v -0.349687 0 -0.000872395
v -0.348537 0 -0.00472227
v -0.347367 0 -0.00855357
v -0.346176 0 -0.0123655
v -0.344964 0 -0.0161573
v -0.34373 0 -0.0199283
v -0.342476 0 -0.0236776
v -0.341201 0 -0.0274045
v -0.339905 0 -0.0311081
v -0.338587 0 -0.0347878
v -0.337249 0 -0.0384428
v -0.335889 0 -0.0420723
v -0.334508 0 -0.0456755
v -0.333106 0 -0.0492516
v -0.331683 0 -0.0528
v -0.330238 0 -0.0563197
v -0.328772 0 -0.0598101
v -0.327285 0 -0.0632704
v -0.325777 0 -0.0666998
v -0.324247 0 -0.0700976
v -0.322696 0 -0.0734628
v -0.321123 0 -0.0767949
v -0.319529 0 -0.0800931
v -0.317913 0 -0.0833565
v -0.316276 0 -0.0865844
v -0.314617 0 -0.089776
v -0.312937 0 -0.0929305
v -0.311235 0 -0.0960473
v -0.309511 0 -0.0991254
v -0.307766 0 -0.102164
v -0.305999 0 -0.105163
v -0.304211 0 -0.108121
v -0.3024 0 -0.111037
v -0.300568 0 -0.113911
v -0.298715 0 -0.116741
v -0.296839 0 -0.119528
v -0.294941 0 -0.122269
v -0.293022 0 -0.124966
v -0.291081 0 -0.127616
v -0.289118 0 -0.130218
v -0.287132 0 -0.132774
v -0.285125 0 -0.13528
v -0.283096 0 -0.137737
v -0.281045 0 -0.140144
v -0.278972 0 -0.1425
v -0.276877 0 -0.144805
v -0.274759 0 -0.147057
v -0.27262 0 -0.149256
v -0.270458 0 -0.151401
v -0.268274 0 -0.153491
v -0.266068 0 -0.155525
v -0.263839 0 -0.157503
v -0.261589 0 -0.159425
v -0.259316 0 -0.161288
v -0.25702 0 -0.163093
v -0.254703 0 -0.164838
v -0.252363 0 -0.166524
v -0.25 0 -0.168148
v -0.25 0 -0.168148
v -0.247615 0 -0.169711
v -0.245208 0 -0.171213
v -0.24278 0 -0.172655
v -0.240331 0 -0.174038
v -0.237862 0 -0.175362
v -0.235374 0 -0.176628
v -0.232866 0 -0.177837
v -0.23034 0 -0.178989
v -0.227796 0 -0.180087
v -0.225234 0 -0.181129
v -0.222656 0 -0.182117
v -0.220061 0 -0.183052
v -0.217451 0 -0.183934
v -0.214826 0 -0.184765
v -0.212186 0 -0.185545
v -0.209532 0 -0.186274
v -0.206864 0 -0.186954
v -0.204184 0 -0.187585
v -0.201491 0 -0.188169
v -0.198787 0 -0.188705
v -0.196072 0 -0.189195
v -0.193346 0 -0.189639
v -0.190609 0 -0.190038
v -0.187864 0 -0.190393
v -0.185109 0 -0.190705
v -0.182346 0 -0.190974
v -0.179576 0 -0.191201
v -0.176798 0 -0.191387
v -0.174013 0 -0.191533
v -0.171222 0 -0.191639
v -0.168426 0 -0.191707
v -0.165625 0 -0.191736
v -0.162819 0 -0.191728
v -0.160009 0 -0.191684
v -0.157197 0 -0.191604
v -0.154381 0 -0.191489
v -0.151563 0 -0.19134
v -0.148744 0 -0.191157
v -0.145924 0 -0.190942
v -0.143103 0 -0.190694
v -0.140282 0 -0.190416
v -0.137462 0 -0.190107
v -0.134643 0 -0.189768
v -0.131826 0 -0.189401
v -0.129011 0 -0.189005
v -0.126199 0 -0.188583
v -0.123391 0 -0.188133
v -0.120587 0 -0.187658
v -0.117787 0 -0.187157
v -0.114992 0 -0.186633
v -0.112203 0 -0.186085
v -0.109421 0 -0.185514
v -0.106645 0 -0.184921
v -0.103877 0 -0.184306
v -0.101116 0 -0.183672
v -0.0983647 0 -0.183017
v -0.095622 0 -0.182344
v -0.0928889 0 -0.181652
v -0.0901661 0 -0.180943
v -0.0874541 0 -0.180217
v -0.0847535 0 -0.179476
v -0.0820648 0 -0.178719
v -0.0793885 0 -0.177948
v -0.0767253 0 -0.177163
v -0.0740757 0 -0.176365
v -0.0714403 0 -0.175556
v -0.0688197 0 -0.174734
v -0.0662143 0 -0.173903
v -0.0636248 0 -0.173061
v -0.0610517 0 -0.172211
v -0.0584956 0 -0.171352
v -0.0559571 0 -0.170486
v -0.0534367 0 -0.169612
v -0.0509349 0 -0.168733
v -0.0484524 0 -0.167849
v -0.0459898 0 -0.16696
v -0.0435475 0 -0.166068
v -0.0411261 0 -0.165172
v -0.0387262 0 -0.164275
v -0.0363484 0 -0.163375
v -0.0339932 0 -0.162476
v -0.0316612 0 -0.161576
v -0.029353 0 -0.160677
v -0.0270691 0 -0.15978
v -0.02481 0 -0.158885
v -0.0225764 0 -0.157994
v -0.0203688 0 -0.157106
v -0.0181878 0 -0.156223
v -0.0160339 0 -0.155346
v -0.0139077 0 -0.154474
v -0.0118097 0 -0.15361
v -0.00974061 0 -0.152753
v -0.00770087 0 -0.151905
v -0.00569108 0 -0.151066
v -0.00371181 0 -0.150237
v -0.0017636 0 -0.149419
v 0.000152942 0 -0.148613
v 0.00203731 0 -0.147818
v 0.00388889 0 -0.147037
v 0.00388889 0 -0.147037
v 0.0057073 0 -0.146269
v 0.00749278 0 -0.145515
v 0.0092457 0 -0.144773
v 0.0109665 0 -0.144042
v 0.0126554 0 -0.143322
v 0.014313 0 -0.142611
v 0.0159396 0 -0.141911
v 0.0175356 0 -0.141218
v 0.0191013 0 -0.140533
v 0.0206373 0 -0.139855
v 0.0221437 0 -0.139183
v 0.0236211 0 -0.138516
v 0.0250699 0 -0.137853
v 0.0264903 0 -0.137195
v 0.0278829 0 -0.136539
v 0.0292479 0 -0.135885
v 0.0305859 0 -0.135233
v 0.0318971 0 -0.134581
v 0.0331819 0 -0.13393
v 0.0344408 0 -0.133277
v 0.0356742 0 -0.132622
v 0.0368823 0 -0.131965
v 0.0380657 0 -0.131305
v 0.0392247 0 -0.13064
v 0.0403596 0 -0.129971
v 0.041471 0 -0.129296
v 0.0425591 0 -0.128615
v 0.0436243 0 -0.127926
v 0.0446671 0 -0.12723
v 0.0456878 0 -0.126524
v 0.0466868 0 -0.12581
v 0.0476646 0 -0.125085
v 0.0486214 0 -0.124348
v 0.0495577 0 -0.1236
v 0.0504739 0 -0.12284
v 0.0513703 0 -0.122066
v 0.0522474 0 -0.121277
v 0.0531055 0 -0.120474
v 0.053945 0 -0.119655
v 0.0547664 0 -0.118819
v 0.0555699 0 -0.117966
v 0.056356 0 -0.117095
v 0.0571251 0 -0.116205
v 0.0578776 0 -0.115296
v 0.0586138 0 -0.114366
v 0.0593342 0 -0.113415
v 0.0600391 0 -0.112442
v 0.0607289 0 -0.111446
v 0.061404 0 -0.110426
v 0.0620647 0 -0.109382
v 0.0627116 0 -0.108314
v 0.0633449 0 -0.107219
v 0.0639651 0 -0.106097
v 0.0645726 0 -0.104948
v 0.0651677 0 -0.103771
v 0.0657507 0 -0.102565
v 0.0663223 0 -0.101329
v 0.0668826 0 -0.100063
v 0.067432 0 -0.0987651
v 0.0679711 0 -0.0974352
v 0.0685001 0 -0.0960724
v 0.0690195 0 -0.094676
v 0.0695296 0 -0.0932451
v 0.0700308 0 -0.091779
v 0.0705236 0 -0.0902769
v 0.0710082 0 -0.088738
v 0.0714852 0 -0.0871615
v 0.0719548 0 -0.0855467
v 0.0724175 0 -0.0838928
v 0.0728736 0 -0.082199
v 0.0733236 0 -0.0804645
v 0.0737678 0 -0.0786885
v 0.0742067 0 -0.0768704
v 0.0746405 0 -0.0750091
v 0.0750698 0 -0.0731042
v 0.0754948 0 -0.0711546
v 0.075916 0 -0.0691597
v 0.0763338 0 -0.0671186
v 0.0767485 0 -0.0650307
v 0.0771606 0 -0.0628951
v 0.0775703 0 -0.060711
v 0.0779782 0 -0.0584776
v 0.0783846 0 -0.0561943
v 0.0787899 0 -0.0538601
v 0.0791945 0 -0.0514744
v 0.0795987 0 -0.0490363
v 0.080003 0 -0.046545
v 0.0804077 0 -0.0439999
v 0.0808133 0 -0.0414001
v 0.08122 0 -0.0387447
v 0.0816284 0 -0.0360332
v 0.0820388 0 -0.0332646
v 0.0824516 0 -0.0304382
v 0.0828671 0 -0.0275532
v 0.0832858 0 -0.0246089
v 0.0837081 0 -0.0216044
v 0.0841343 0 -0.018539
v 0.0845648 0 -0.0154118
v 0.085 0 -0.0122222
v 0.085 0 -0.0122222
v 0.0854402 0 -0.00896971
v 0.0858855 0 -0.00565521
v 0.0863355 0 -0.00228001
v 0.0867903 0 0.0011546
v 0.0872497 0 0.00464733
v 0.0877136 0 0.00819695
v 0.0881818 0 0.0118021
v 0.0886542 0 0.0154616
v 0.0891308 0 0.0191741
v 0.0896113 0 0.0229383
v 0.0900956 0 0.026753
v 0.0905837 0 0.0306169
v 0.0910754 0 0.0345287
v 0.0915705 0 0.038487
v 0.092069 0 0.0424908
v 0.0925708 0 0.0465385
v 0.0930756 0 0.0506291
v 0.0935834 0 0.0547611
v 0.094094 0 0.0589334
v 0.0946073 0 0.0631446
v 0.0951233 0 0.0673934
v 0.0956417 0 0.0716786
v 0.0961624 0 0.0759989
v 0.0966854 0 0.080353
v 0.0972104 0 0.0847397
v 0.0977375 0 0.0891576
v 0.0982663 0 0.0936055
v 0.0987969 0 0.098082
v 0.0993291 0 0.102586
v 0.0998627 0 0.107116
v 0.100398 0 0.111671
v 0.100934 0 0.11625
v 0.101471 0 0.12085
v 0.102009 0 0.125472
v 0.102549 0 0.130114
v 0.103088 0 0.134774
v 0.103629 0 0.139451
v 0.10417 0 0.144144
v 0.104711 0 0.148852
v 0.105252 0 0.153573
v 0.105794 0 0.158306
v 0.106335 0 0.16305
v 0.106876 0 0.167803
v 0.107417 0 0.172565
v 0.107958 0 0.177333
v 0.108498 0 0.182107
v 0.109037 0 0.186886
v 0.109576 0 0.191667
v 0.110114 0 0.196451
v 0.11065 0 0.201235
v 0.111186 0 0.206018
v 0.11172 0 0.210799
v 0.112252 0 0.215577
v 0.112784 0 0.22035
v 0.113313 0 0.225117
v 0.113841 0 0.229877
v 0.114367 0 0.234629
v 0.11489 0 0.239371
v 0.115412 0 0.244102
v 0.115931 0 0.248821
v 0.116448 0 0.253526
v 0.116962 0 0.258216
v 0.117474 0 0.262891
v 0.117983 0 0.267547
v 0.118489 0 0.272186
v 0.118992 0 0.276804
v 0.119491 0 0.281401
v 0.119988 0 0.285975
v 0.120481 0 0.290526
v 0.12097 0 0.295052
v 0.121456 0 0.299551
v 0.121938 0 0.304022
v 0.122416 0 0.308465
v 0.12289 0 0.312877
v 0.12336 0 0.317258
v 0.123825 0 0.321607
v 0.124286 0 0.325921
v 0.124743 0 0.3302
v 0.125195 0 0.334442
v 0.125642 0 0.338646
v 0.126084 0 0.342812
v 0.126521 0 0.346936
v 0.126953 0 0.351019
v 0.127379 0 0.355059
v 0.1278 0 0.359055
v 0.128216 0 0.363005
v 0.128626 0 0.366909
v 0.12903 0 0.370764
v 0.129428 0 0.37457
v 0.12982 0 0.378325
v 0.130206 0 0.382028
v 0.130586 0 0.385678
v 0.130959 0 0.389274
v 0.131325 0 0.392813
v 0.131685 0 0.396296
v 0.132038 0 0.39972
v 0.132385 0 0.403085
v 0.132724 0 0.406388
v 0.133056 0 0.40963
v 0.133056 0 0.40963
v 0.13338 0 0.412808
v 0.133697 0 0.415923
v 0.134007 0 0.418977
v 0.134309 0 0.42197
v 0.134602 0 0.424902
v 0.134888 0 0.427774
v 0.135166 0 0.430588
v 0.135435 0 0.433344
v 0.135696 0 0.436043
v 0.135948 0 0.438685
v 0.136192 0 0.441271
v 0.136426 0 0.443803
v 0.136651 0 0.44628
v 0.136867 0 0.448705
v 0.137074 0 0.451076
v 0.137271 0 0.453396
v 0.137459 0 0.455665
v 0.137636 0 0.457884
v 0.137804 0 0.460054
v 0.137962 0 0.462174
v 0.138109 0 0.464247
v 0.138246 0 0.466273
v 0.138372 0 0.468253
v 0.138488 0 0.470187
v 0.138593 0 0.472077
v 0.138687 0 0.473923
v 0.138769 0 0.475725
v 0.138841 0 0.477486
v 0.138901 0 0.479204
v 0.138949 0 0.480882
v 0.138985 0 0.48252
v 0.13901 0 0.484119
v 0.139023 0 0.485679
v 0.139023 0 0.487202
v 0.139011 0 0.488687
v 0.138987 0 0.490137
v 0.13895 0 0.491552
v 0.1389 0 0.492932
v 0.138837 0 0.494278
v 0.138761 0 0.495591
v 0.138672 0 0.496872
v 0.13857 0 0.498122
v 0.138454 0 0.499341
v 0.138325 0 0.50053
v 0.138181 0 0.501691
v 0.138024 0 0.502823
v 0.137852 0 0.503927
v 0.137667 0 0.505005
v 0.137467 0 0.506058
v 0.137252 0 0.507084
v 0.137023 0 0.508087
v 0.136778 0 0.509066
v 0.136519 0 0.510023
v 0.136245 0 0.510957
v 0.135955 0 0.51187
v 0.13565 0 0.512763
v 0.13533 0 0.513636
v 0.134993 0 0.51449
v 0.134641 0 0.515327
v 0.134273 0 0.516146
v 0.133888 0 0.516948
v 0.133487 0 0.517735
v 0.13307 0 0.518507
v 0.132636 0 0.519265
v 0.132186 0 0.520009
v 0.131718 0 0.520741
v 0.131233 0 0.521461
v 0.130732 0 0.52217
v 0.130213 0 0.522869
v 0.129676 0 0.523558
v 0.129121 0 0.524239
v 0.128549 0 0.524911
v 0.127959 0 0.525577
v 0.127351 0 0.526237
v 0.126725 0 0.52689
v 0.12608 0 0.527539
v 0.125416 0 0.528185
v 0.124734 0 0.528827
v 0.124034 0 0.529466
v 0.123314 0 0.530104
v 0.122575 0 0.530742
v 0.121816 0 0.531379
v 0.121039 0 0.532017
v 0.120241 0 0.532656
v 0.119425 0 0.533298
v 0.118588 0 0.533943
v 0.117731 0 0.534591
v 0.116854 0 0.535245
v 0.115956 0 0.535903
v 0.115039 0 0.536568
v 0.1141 0 0.53724
v 0.113141 0 0.53792
v 0.112161 0 0.538609
v 0.11116 0 0.539306
v 0.110138 0 0.540014
v 0.109094 0 0.540733
v 0.108029 0 0.541464
v 0.106942 0 0.542207
v 0.105833 0 0.542963
v 0.105833 0 0.542963
v 0.104703 0 0.543733
v 0.103551 0 0.544517
v 0.102378 0 0.545313
v 0.101184 0 0.546121
v 0.0999701 0 0.54694
v 0.0987361 0 0.547771
v 0.0974827 0 0.548611
v 0.0962103 0 0.54946
v 0.0949192 0 0.550318
v 0.0936099 0 0.551184
v 0.0922828 0 0.552057
v 0.0909383 0 0.552937
v 0.0895768 0 0.553822
v 0.0881987 0 0.554713
v 0.0868044 0 0.555608
v 0.0853944 0 0.556507
v 0.0839691 0 0.55741
v 0.0825288 0 0.558314
v 0.081074 0 0.559221
v 0.0796051 0 0.560128
v 0.0781225 0 0.561036
v 0.0766267 0 0.561944
v 0.0751179 0 0.56285
v 0.0735967 0 0.563756
v 0.0720635 0 0.564658
v 0.0705186 0 0.565558
v 0.0689625 0 0.566454
v 0.0673957 0 0.567346
v 0.0658184 0 0.568232
v 0.0642311 0 0.569113
v 0.0626343 0 0.569988
v 0.0610283 0 0.570855
v 0.0594136 0 0.571715
v 0.0577905 0 0.572566
v 0.0561595 0 0.573408
v 0.054521 0 0.57424
v 0.0528755 0 0.575062
v 0.0512232 0 0.575872
v 0.0495646 0 0.576671
v 0.0479002 0 0.577457
v 0.0462304 0 0.578229
v 0.0445555 0 0.578988
v 0.042876 0 0.579732
v 0.0411923 0 0.580461
v 0.0395048 0 0.581174
v 0.0378139 0 0.581871
v 0.03612 0 0.58255
v 0.0344235 0 0.58321
v 0.032725 0 0.583853
v 0.0310246 0 0.584476
v 0.029323 0 0.585078
v 0.0276205 0 0.585661
v 0.0259174 0 0.586221
v 0.0242142 0 0.58676
v 0.0225114 0 0.587275
v 0.0208093 0 0.587768
v 0.0191084 0 0.588236
v 0.017409 0 0.588679
v 0.0157117 0 0.589096
v 0.0140166 0 0.589488
v 0.0123244 0 0.589853
v 0.0106354 0 0.59019
v 0.00895004 0 0.590498
v 0.00726869 0 0.590778
v 0.00559179 0 0.591028
v 0.00391974 0 0.591248
v 0.00225299 0 0.591437
v 0.000591901 0 0.591594
v -0.00106308 0 0.591719
v -0.00271157 0 0.591811
v -0.00435312 0 0.591869
v -0.00598736 0 0.591893
v -0.00761383 0 0.591882
v -0.00923215 0 0.591835
v -0.0108419 0 0.591751
v -0.0124427 0 0.59163
v -0.0140341 0 0.591472
v -0.0156156 0 0.591275
v -0.017187 0 0.591039
v -0.0187477 0 0.590763
v -0.0202974 0 0.590446
v -0.0218356 0 0.590088
v -0.023362 0 0.589689
v -0.0248761 0 0.589246
v -0.0263774 0 0.588761
v -0.0278657 0 0.588231
v -0.0293405 0 0.587657
v -0.0308013 0 0.587038
v -0.0322478 0 0.586372
v -0.0336796 0 0.58566
v -0.0350961 0 0.5849
v -0.0364971 0 0.584093
v -0.0378821 0 0.583237
v -0.0392508 0 0.582331
v -0.0406025 0 0.581375
v -0.0419371 0 0.580368
v -0.043254 0 0.57931
v -0.0445529 0 0.5782
v -0.0458333 0 0.577037
v -0.0458333 0 0.577037
v -0.047095 0 0.575821
v -0.048338 0 0.574552
v -0.0495626 0 0.573231
v -0.0507692 0 0.571859
v -0.0519578 0 0.570438
v -0.0531288 0 0.568967
v -0.0542824 0 0.567448
v -0.0554189 0 0.565881
v -0.0565385 0 0.564268
v -0.0576415 0 0.562609
v -0.0587281 0 0.560906
v -0.0597985 0 0.559158
v -0.0608531 0 0.557368
v -0.061892 0 0.555535
v -0.0629156 0 0.55366
v -0.063924 0 0.551746
v -0.0649175 0 0.549791
v -0.0658964 0 0.547798
v -0.0668608 0 0.545767
v -0.0678112 0 0.543699
v -0.0687476 0 0.541595
v -0.0696704 0 0.539455
v -0.0705798 0 0.537281
v -0.071476 0 0.535074
v -0.0723594 0 0.532834
v -0.0732301 0 0.530562
v -0.0740884 0 0.528259
v -0.0749346 0 0.525926
v -0.0757688 0 0.523564
v -0.0765914 0 0.521174
v -0.0774026 0 0.518756
v -0.0782026 0 0.516311
v -0.0789918 0 0.513841
v -0.0797702 0 0.511346
v -0.0805383 0 0.508827
v -0.0812962 0 0.506284
v -0.0820442 0 0.50372
v -0.0827826 0 0.501134
v -0.0835115 0 0.498527
v -0.0842313 0 0.495901
v -0.0849421 0 0.493256
v -0.0856443 0 0.490594
v -0.0863381 0 0.487914
v -0.0870237 0 0.485218
v -0.0877014 0 0.482506
v -0.0883714 0 0.479781
v -0.089034 0 0.477041
v -0.0896895 0 0.474289
v -0.090338 0 0.471525
v -0.0909798 0 0.46875
v -0.0916152 0 0.465965
v -0.0922445 0 0.463171
v -0.0928678 0 0.460368
v -0.0934855 0 0.457558
v -0.0940977 0 0.454741
v -0.0947047 0 0.451919
v -0.0953069 0 0.449091
v -0.0959043 0 0.44626
v -0.0964973 0 0.443425
v -0.0970861 0 0.440588
v -0.097671 0 0.43775
v -0.0982523 0 0.434911
v -0.09883 0 0.432072
v -0.0994046 0 0.429234
v -0.0999763 0 0.426399
v -0.100545 0 0.423566
v -0.101112 0 0.420738
v -0.101676 0 0.417914
v -0.102239 0 0.415095
v -0.102799 0 0.412283
v -0.103359 0 0.409478
v -0.103917 0 0.406681
v -0.104474 0 0.403893
v -0.10503 0 0.401115
v -0.105586 0 0.398348
v -0.106142 0 0.395592
v -0.106698 0 0.392849
v -0.107254 0 0.390119
v -0.107811 0 0.387404
v -0.108368 0 0.384703
v -0.108927 0 0.382018
v -0.109487 0 0.37935
v -0.110048 0 0.3767
v -0.110611 0 0.374068
v -0.111177 0 0.371456
v -0.111744 0 0.368864
v -0.112314 0 0.366293
v -0.112887 0 0.363744
v -0.113463 0 0.361218
v -0.114042 0 0.358716
v -0.114625 0 0.356238
v -0.115212 0 0.353786
v -0.115802 0 0.35136
v -0.116397 0 0.348962
v -0.116996 0 0.346591
v -0.117601 0 0.34425
v -0.11821 0 0.341938
v -0.118824 0 0.339657
v -0.119444 0 0.337407
v -0.119444 0 0.337407
v -0.12007 0 0.33519
v -0.120702 0 0.333005
v -0.121339 0 0.330853
v -0.121983 0 0.328734
v -0.122632 0 0.326647
v -0.123288 0 0.324593
v -0.12395 0 0.322573
v -0.124618 0 0.320585
v -0.125292 0 0.31863
v -0.125972 0 0.316709
v -0.126659 0 0.31482
v -0.127352 0 0.312966
v -0.128052 0 0.311144
v -0.128758 0 0.309356
v -0.129471 0 0.307602
v -0.130191 0 0.305882
v -0.130917 0 0.304195
v -0.13165 0 0.302543
v -0.13239 0 0.300924
v -0.133137 0 0.299339
v -0.13389 0 0.297789
v -0.134651 0 0.296272
v -0.135419 0 0.294791
v -0.136194 0 0.293343
v -0.136976 0 0.29193
v -0.137765 0 0.290552
v -0.138562 0 0.289208
v -0.139366 0 0.287899
v -0.140177 0 0.286625
v -0.140996 0 0.285386
v -0.141822 0 0.284182
v -0.142656 0 0.283013
v -0.143498 0 0.281879
v -0.144347 0 0.280781
v -0.145204 0 0.279718
v -0.146069 0 0.27869
v -0.146942 0 0.277698
v -0.147823 0 0.276742
v -0.148712 0 0.275821
v -0.149609 0 0.274936
v -0.150514 0 0.274087
v -0.151427 0 0.273274
v -0.152348 0 0.272498
v -0.153278 0 0.271757
v -0.154216 0 0.271052
v -0.155162 0 0.270384
v -0.156117 0 0.269753
v -0.15708 0 0.269157
v -0.158052 0 0.268599
v -0.159033 0 0.268077
v -0.160022 0 0.267592
v -0.161021 0 0.267144
v -0.162027 0 0.266732
v -0.163043 0 0.266358
v -0.164068 0 0.266021
v -0.165102 0 0.265721
v -0.166144 0 0.265458
v -0.167196 0 0.265233
v -0.168257 0 0.265045
v -0.169328 0 0.264895
v -0.170407 0 0.264783
v -0.171496 0 0.264708
v -0.172595 0 0.264671
v -0.173702 0 0.264672
v -0.17482 0 0.26471
v -0.175947 0 0.264787
v -0.177083 0 0.264903
v -0.178229 0 0.265056
v -0.179385 0 0.265248
v -0.180551 0 0.265478
v -0.181727 0 0.265746
v -0.182912 0 0.266054
v -0.184108 0 0.2664
v -0.185313 0 0.266784
v -0.186529 0 0.267208
v -0.187755 0 0.26767
v -0.188991 0 0.268172
v -0.190237 0 0.268713
v -0.191494 0 0.269293
v -0.192761 0 0.269912
v -0.194039 0 0.27057
v -0.195327 0 0.271269
v -0.196625 0 0.272006
v -0.197935 0 0.272783
v -0.199255 0 0.2736
v -0.200585 0 0.274457
v -0.201927 0 0.275354
v -0.203279 0 0.276291
v -0.204643 0 0.277268
v -0.206017 0 0.278285
v -0.207402 0 0.279342
v -0.208798 0 0.280439
v -0.210206 0 0.281577
v -0.211625 0 0.282756
v -0.213055 0 0.283975
v -0.214496 0 0.285235
v -0.215949 0 0.286535
v -0.217413 0 0.287877
v -0.218889 0 0.289259
v -0.218889 0 0.289259
v -0.220376 0 0.290683
v -0.221874 0 0.292146
v -0.223383 0 0.29365
v -0.224902 0 0.295194
v -0.226431 0 0.296776
v -0.227969 0 0.298396
v -0.229516 0 0.300055
v -0.231071 0 0.30175
v -0.232634 0 0.303483
v -0.234204 0 0.305251
v -0.235781 0 0.307056
v -0.237365 0 0.308895
v -0.238954 0 0.31077
v -0.240549 0 0.312678
v -0.242149 0 0.31462
v -0.243754 0 0.316595
v -0.245362 0 0.318602
v -0.246975 0 0.320641
v -0.24859 0 0.322712
v -0.250208 0 0.324814
v -0.251829 0 0.326946
v -0.253451 0 0.329108
v -0.255074 0 0.331299
v -0.256698 0 0.333519
v -0.258323 0 0.335767
v -0.259947 0 0.338043
v -0.261571 0 0.340346
v -0.263194 0 0.342676
v -0.264815 0 0.345032
v -0.266434 0 0.347413
v -0.268051 0 0.349819
v -0.269665 0 0.35225
v -0.271276 0 0.354705
v -0.272882 0 0.357183
v -0.274485 0 0.359684
v -0.276082 0 0.362208
v -0.277675 0 0.364753
v -0.279261 0 0.36732
v -0.280842 0 0.369907
v -0.282415 0 0.372515
v -0.283982 0 0.375142
v -0.285541 0 0.377789
v -0.287092 0 0.380454
v -0.288634 0 0.383137
v -0.290168 0 0.385838
v -0.291692 0 0.388556
v -0.293206 0 0.39129
v -0.29471 0 0.39404
v -0.296202 0 0.396806
v -0.297684 0 0.399587
v -0.299153 0 0.402381
v -0.300611 0 0.40519
v -0.302055 0 0.408012
v -0.303487 0 0.410847
v -0.304905 0 0.413694
v -0.306308 0 0.416553
v -0.307698 0 0.419423
v -0.309072 0 0.422303
v -0.31043 0 0.425194
v -0.311772 0 0.428094
v -0.313098 0 0.431003
v -0.314407 0 0.433921
v -0.315699 0 0.436846
v -0.316973 0 0.439779
v -0.318228 0 0.442719
v -0.319465 0 0.445665
v -0.320682 0 0.448617
v -0.32188 0 0.451575
v -0.323057 0 0.454537
v -0.324214 0 0.457503
v -0.32535 0 0.460473
v -0.326464 0 0.463446
v -0.327556 0 0.466422
v -0.328625 0 0.4694
v -0.329672 0 0.472379
v -0.330694 0 0.47536
v -0.331693 0 0.478341
v -0.332668 0 0.481322
v -0.333618 0 0.484302
v -0.334542 0 0.487281
v -0.33544 0 0.490259
v -0.336313 0 0.493234
v -0.337158 0 0.496206
v -0.337976 0 0.499176
v -0.338767 0 0.502141
v -0.339529 0 0.505103
v -0.340263 0 0.508059
v -0.340968 0 0.51101
v -0.341643 0 0.513955
v -0.342288 0 0.516894
v -0.342903 0 0.519825
v -0.343487 0 0.522749
v -0.344039 0 0.525666
v -0.344559 0 0.528573
v -0.345047 0 0.531471
v -0.345503 0 0.53436
v -0.345925 0 0.537239
v -0.346313 0 0.540106
v -0.346667 0 0.542963
v -0.346667 0 0.542963
v -0.346986 0 0.545808
v -0.347271 0 0.54864
v -0.347523 0 0.55146
v -0.347742 0 0.554267
v -0.347928 0 0.557061
v -0.348083 0 0.559841
v -0.348206 0 0.562606
v -0.348299 0 0.565358
v -0.348361 0 0.568094
v -0.348394 0 0.570814
v -0.348398 0 0.573519
v -0.348374 0 0.576208
v -0.348321 0 0.57888
v -0.348242 0 0.581536
v -0.348135 0 0.584173
v -0.348003 0 0.586793
v -0.347845 0 0.589395
v -0.347662 0 0.591979
v -0.347454 0 0.594543
v -0.347223 0 0.597088
v -0.346968 0 0.599613
v -0.346691 0 0.602119
v -0.346392 0 0.604603
v -0.346071 0 0.607067
v -0.345729 0 0.609509
v -0.345366 0 0.61193
v -0.344984 0 0.614328
v -0.344582 0 0.616704
v -0.344162 0 0.619057
v -0.343723 0 0.621386
v -0.343267 0 0.623692
v -0.342794 0 0.625973
v -0.342305 0 0.62823
v -0.341799 0 0.630463
v -0.341278 0 0.632669
v -0.340743 0 0.63485
v -0.340193 0 0.637005
v -0.33963 0 0.639134
v -0.339054 0 0.641235
v -0.338465 0 0.643309
v -0.337865 0 0.645356
v -0.337253 0 0.647374
v -0.33663 0 0.649364
v -0.335998 0 0.651325
v -0.335355 0 0.653256
v -0.334704 0 0.655158
v -0.334044 0 0.657029
v -0.333376 0 0.658871
v -0.332701 0 0.660681
v -0.332019 0 0.66246
v -0.331331 0 0.664207
v -0.330638 0 0.665922
v -0.329939 0 0.667604
v -0.329236 0 0.669254
v -0.328529 0 0.67087
v -0.327819 0 0.672453
v -0.327106 0 0.674001
v -0.326391 0 0.675515
v -0.325674 0 0.676995
v -0.324956 0 0.678438
v -0.324237 0 0.679846
v -0.323519 0 0.681218
v -0.322802 0 0.682554
v -0.322085 0 0.683852
v -0.321371 0 0.685114
v -0.320658 0 0.686337
v -0.319949 0 0.687523
v -0.319243 0 0.68867
v -0.318542 0 0.689778
v -0.317845 0 0.690847
v -0.317153 0 0.691876
v -0.316467 0 0.692865
v -0.315788 0 0.693814
v -0.315115 0 0.694722
v -0.31445 0 0.695588
v -0.313793 0 0.696413
v -0.313144 0 0.697196
v -0.312505 0 0.697936
v -0.311876 0 0.698633
v -0.311257 0 0.699287
v -0.310649 0 0.699898
v -0.310052 0 0.700464
v -0.309468 0 0.700986
v -0.308896 0 0.701463
v -0.308337 0 0.701895
v -0.307792 0 0.702281
v -0.307262 0 0.702621
v -0.306746 0 0.702914
v -0.306246 0 0.703161
v -0.305762 0 0.70336
v -0.305294 0 0.703512
v -0.304844 0 0.703616
v -0.304412 0 0.703671
v -0.303998 0 0.703678
v -0.303602 0 0.703635
v -0.303227 0 0.703542
v -0.302871 0 0.7034
v -0.302536 0 0.703207
v -0.302222 0 0.702963
v -0.302222 0 0.702963
v -0.30193 0 0.702668
v -0.301659 0 0.702322
v -0.30141 0 0.701926
v -0.301182 0 0.701481
v -0.300974 0 0.700986
v -0.300788 0 0.700442
v -0.300621 0 0.699849
v -0.300475 0 0.699209
v -0.300349 0 0.698521
v -0.300242 0 0.697787
v -0.300155 0 0.697006
v -0.300087 0 0.696178
v -0.300038 0 0.695306
v -0.300008 0 0.694388
v -0.299997 0 0.693426
v -0.300004 0 0.692419
v -0.300029 0 0.691369
v -0.300072 0 0.690276
v -0.300132 0 0.689141
v -0.30021 0 0.687963
v -0.300306 0 0.686743
v -0.300418 0 0.685482
v -0.300546 0 0.68418
v -0.300692 0 0.682838
v -0.300854 0 0.681456
v -0.301031 0 0.680035
v -0.301225 0 0.678575
v -0.301434 0 0.677077
v -0.301659 0 0.675541
v -0.301898 0 0.673967
v -0.302153 0 0.672356
v -0.302422 0 0.670709
v -0.302706 0 0.669026
v -0.303004 0 0.667307
v -0.303316 0 0.665554
v -0.303641 0 0.663765
v -0.303981 0 0.661943
v -0.304333 0 0.660087
v -0.304699 0 0.658198
v -0.305077 0 0.656276
v -0.305469 0 0.654322
v -0.305872 0 0.652337
v -0.306288 0 0.65032
v -0.306715 0 0.648272
v -0.307155 0 0.646194
v -0.307606 0 0.644086
v -0.308068 0 0.641949
v -0.308541 0 0.639783
v -0.309025 0 0.637589
v -0.309519 0 0.635367
v -0.310024 0 0.633117
v -0.310539 0 0.630841
v -0.311064 0 0.628538
v -0.311599 0 0.626209
v -0.312143 0 0.623854
v -0.312696 0 0.621475
v -0.313258 0 0.61907
v -0.313829 0 0.616642
v -0.314408 0 0.61419
v -0.314996 0 0.611715
v -0.315592 0 0.609218
v -0.316195 0 0.606698
v -0.316806 0 0.604156
v -0.317425 0 0.601593
v -0.318051 0 0.59901
v -0.318683 0 0.596406
v -0.319322 0 0.593782
v -0.319968 0 0.591139
v -0.32062 0 0.588478
v -0.321278 0 0.585797
v -0.321942 0 0.5831
v -0.322611 0 0.580384
v -0.323286 0 0.577652
v -0.323966 0 0.574903
v -0.32465 0 0.572138
v -0.325339 0 0.569357
v -0.326033 0 0.566562
v -0.326731 0 0.563752
v -0.327433 0 0.560928
v -0.328138 0 0.55809
v -0.328847 0 0.555239
v -0.329559 0 0.552376
v -0.330274 0 0.5495
v -0.330992 0 0.546613
v -0.331713 0 0.543714
v -0.332436 0 0.540805
v -0.333161 0 0.537885
v -0.333888 0 0.534956
v -0.334617 0 0.532017
v -0.335347 0 0.52907
v -0.336078 0 0.526114
v -0.33681 0 0.52315
v -0.337543 0 0.520179
v -0.338277 0 0.517201
v -0.339011 0 0.514216
v -0.339745 0 0.511225
v -0.340478 0 0.508229
v -0.341212 0 0.505228
v -0.341944 0 0.502222
